Date and Time (Local): 07-Mar-2023 10:34:01

Historical retreat data for a given section/stations at a given year:

Stations [#]  Retreat [m] Latitude [deg] Longitude [deg]
  1212	0.068268	-117.596	33.3888	
  1213	0.068268	-117.597	33.3895	
  1214	0.068268	-117.597	33.3902	
  1215	0.068268	-117.598	33.3912	
  1216	0.068268	-117.598	33.392	
  1217	0.068268	-117.598	33.3929	
  1218	0.068268	-117.599	33.3938	
  1219	0.068268	-117.599	33.3946	
  1220	0.068268	-117.599	33.3954	
  1221	0.068268	-117.599	33.3965	
  1222	0.068268	-117.6	33.3971	
  1223	0.068268	-117.6	33.398	
  1224	0.17807	-117.601	33.3988	
  1225	0.2112	-117.602	33.3996	
  1226	0.20473	-117.602	33.4003	
  1227	0.29755	-117.603	33.4011	
  1228	0.24406	-117.603	33.4019	
  1229	0.24406	-117.604	33.4024	
  1230	0.24406	-117.605	33.4032	
  1231	0.24406	-117.604	33.4045	
  1234	0.035285	-117.607	33.4063	
  1235	0.049102	-117.608	33.407	
  1238	0.033586	-117.609	33.4094	
  1239	0.033586	-117.61	 33.41	
  1240	0.033586	-117.61	33.4109	
  1241	0.033586	-117.611	33.4115	
  1242	0.13154	-117.612	33.4121	
  1246	0.14741	-117.615	33.4149	
  1247	0.065292	-117.616	33.4155	
  1248	0.056754	-117.617	33.4161	
  1249	0.076124	-117.617	33.4168	
  1251	0.087629	-117.618	33.4183	
  1252	0.11149	-117.619	33.419	
  1255	0.075639	-117.621	33.4214	
  1257	0.071918	-117.622	33.4228	
  1258	0.10333	-117.623	33.4235	
  1259	0.097032	-117.624	33.4241	
  1260	0.083092	-117.625	33.4244	
  1261	0.068638	-117.626	33.4251	
  1262	0.061113	-117.626	33.4256	
  1263	0.060486	-117.627	33.4263	
  1264	0.040351	-117.628	33.4271	
  1265	0.040351	-117.628	33.4278	
  1266	0.084036	-117.628	33.4288	
  1267	0.084036	-117.629	33.4294	
  1268	0.061666	-117.63	33.4301	
  1355	0.22739	-117.708	33.4608	
  1356	0.17019	-117.709	33.4611	
  1357	0.088586	-117.71	33.4609	
  1358	0.16921	-117.711	33.4606	
  1359	0.24712	-117.712	33.4606	
  1360	0.27733	-117.713	33.4604	
  1361	 0.278	-117.714	33.4606	
  1362	0.25223	-117.715	33.4608	
  1363	0.24161	-117.715	33.4614	
  1364	0.23987	-117.715	33.4621	
  1365	0.22949	-117.714	33.4628	
  1366	0.23381	-117.714	33.464	
  1367	0.46984	-117.715	33.4649	
  1368	0.40097	-117.715	33.4656	
  1369	0.40097	-117.716	33.4664	
  1370	0.40097	-117.716	33.4673	
  1371	0.40097	-117.717	33.468	
  1372	0.40097	-117.717	33.4688	
  1373	0.025631	-117.718	33.4697	
  1374	0.025631	-117.718	33.4705	
  1375	0.025631	-117.719	33.4713	
  1376	0.025631	-117.719	33.4721	
  1377	0.025631	-117.72	33.4731	
  1378	0.056116	-117.72	33.4736	
  1379	0.056116	-117.721	33.4745	
  1380	0.022109	-117.721	33.4753	
  1382	0.022109	-117.722	33.4769	
  1383	0.3779	-117.723	33.4777	
  1384	0.3779	-117.723	33.4786	
  1385	0.3779	-117.723	33.4794	
  1386	0.16185	-117.724	33.4802	
  1390	0.33085	-117.726	33.4834	
  1391	0.33085	-117.727	33.4841	
  1392	0.30206	-117.728	33.4844	
  1393	0.3215	-117.729	33.4843	
  1394	0.27907	-117.73	33.4846	
  1395	0.27738	-117.731	33.4847	
  1396	0.24948	-117.732	33.4852	
  1397	0.20696	-117.734	33.4851	
  1398	0.20505	-117.733	33.4866	
  1399	0.21095	-117.733	33.4875	
  1400	0.1942	-117.734	33.4884	
  1401	0.1442	-117.735	33.4891	
  1402	0.13079	-117.736	33.4895	
  1403	0.11109	-117.737	33.4898	
  1404	0.11806	-117.738	33.4901	
  1405	0.11806	-117.738	33.4911	
  1406	0.13053	-117.738	33.492	
  1407	0.14034	-117.739	33.4928	
  1408	0.13668	-117.739	33.4937	
  1409	0.13668	-117.739	33.4947	
  1410	0.73202	-117.739	33.4954	
  1411	0.38665	-117.74	33.4961	
  1412	0.21718	-117.74	33.497	
  1413	0.21718	-117.741	33.4978	
  1414	0.21718	-117.741	33.4986	
  1415	0.10158	-117.742	33.4989	
  1416	0.10158	-117.743	33.4994	
  1417	0.10158	-117.744	33.5002	
  1419	0.098204	-117.745	33.5014	
  1420	0.12633	-117.746	33.5022	
  1421	0.16438	-117.747	33.5027	
  1422	0.19578	-117.747	33.5039	
  1423	0.19578	-117.747	33.5048	
  1424	0.19578	-117.748	33.5054	
  1425	0.19578	-117.749	33.5062	
  1426	0.19578	-117.749	33.507	
  1427	0.19578	-117.751	33.5073	
  1428	0.19578	-117.751	33.5081	
  1433	0.1473	-117.754	33.5119	
  1434	0.1473	-117.755	33.5126	
  1435	0.13949	-117.756	33.5133	
  1436	0.12389	-117.757	33.5137	
  1437	0.072173	-117.758	33.5137	
  1438	0.11022	-117.759	33.5146	
  1439	0.14623	-117.76	33.5148	
  1440	0.13484	-117.76	33.5153	
  1441	0.13484	-117.76	33.5161	
  1444	0.14358	-117.762	33.5185	
  1446	0.06886	-117.763	 33.52	
  1447	0.035365	-117.764	33.5205	
  1448	0.0018706	-117.765	33.5213	
  1449	0.093179	-117.765	33.5221	
  1450	0.093179	-117.766	33.5229	
  1451	0.093179	-117.766	33.5238	
  1452	0.093179	-117.767	33.5243	
  1453	0.020848	-117.768	33.5249	
  1454	0.020848	-117.769	33.5254	
  1455	0.020848	-117.77	33.526	
  1456	0.020848	-117.77	33.5267	
  1457	0.10542	-117.771	33.5273	
  1458	0.065625	-117.772	33.528	
  1463	0.065625	-117.776	33.5313	
  1464	0.077036	-117.776	33.5318	
  1466	0.077036	-117.778	33.5333	
  1467	0.077036	-117.778	33.5341	
  1469	0.077036	-117.779	33.5357	
  1470	0.06415	-117.78	33.5365	
  1474	0.06415	-117.782	33.5395	
  1481	0.070787	-117.788	33.5431	
  1482	0.072669	-117.789	33.543	
  1483	0.084553	-117.79	33.5435	
  1484	0.12783	-117.791	33.5436	
  1485	0.12121	-117.792	33.5432	
  1486	0.14135	-117.793	33.5444	
  1487	0.14559	-117.794	33.5449	
  1488	0.16368	-117.795	33.545	
  1489	0.16368	-117.796	33.5456	
  1490	0.16368	-117.797	33.5456	
  1492	0.19951	-117.799	33.5455	
  1493	0.071339	-117.8	33.5461	
  1496	0.053756	-117.803	33.5471	
  1497	0.056021	-117.804	33.5469	
  1498	0.056021	-117.805	33.5474	
  1499	0.058405	-117.806	33.5485	
  1500	0.068108	-117.807	33.5487	
  1507	0.077514	-117.812	33.5529	
  1508	0.09241	-117.814	33.5511	
  1511	0.1054	-117.816	33.5542	
  1512	0.1012	-117.817	33.5545	
  1513	0.10552	-117.818	33.5546	
  1514	0.10552	-117.82	33.5542	
  1515	0.10552	-117.819	33.5553	
  1516	0.10552	-117.82	33.5561	
  1517	0.10552	-117.818	33.5572	
  1518	0.067297	-117.819	33.5582	
  1519	0.015397	-117.82	33.5591	
  1520	0.03569	-117.821	33.5597	
  1523	0.019629	-117.823	33.5615	
  1524	0.017837	-117.824	33.5622	
  1525	0.14858	-117.825	33.5628	
  1526	0.14589	-117.826	33.5635	
  1527	0.085133	-117.826	33.5639	
  1528	0.078397	-117.827	33.5643	
  1529	0.099302	-117.828	33.5649	
  1530	0.1317	-117.83	33.5649	
  1531	0.13768	-117.831	33.5654	
  1532	0.083038	-117.831	33.5658	
  1533	0.087427	-117.832	33.566	
  1534	0.10286	-117.833	33.5667	
  1535	0.11032	-117.833	33.5675	
  1536	0.11032	-117.834	33.5682	
  1537	0.10316	-117.835	33.569	
  1538	0.10286	-117.835	33.5697	
  1539	0.20214	-117.836	33.5704	
  1540	0.29222	-117.837	33.5709	
  1541	0.16374	-117.837	33.5716	
  1542	0.070198	-117.838	33.5722	
  1543	0.052796	-117.839	33.5729	
  1548	0.29375	-117.843	33.576	
  1549	0.058775	-117.844	33.5764	
  1550	0.053038	-117.845	33.5769	
  1551	0.067476	-117.846	33.5774	
  1552	0.050099	-117.847	33.5779	
  1553	0.041886	-117.848	33.5782	
  1554	0.055599	-117.849	33.5786	
  1555	0.086616	-117.85	33.579	
  1556	0.15591	-117.851	33.5793	
  1557	0.1582	-117.852	33.5798	
  1558	0.17191	-117.853	 33.58	
  1559	0.17748	-117.853	33.5803	
  1560	0.15809	-117.854	33.581	
  1561	0.10054	-117.855	33.5815	
  1562	0.067798	-117.856	33.5822	
  1563	0.18687	-117.857	33.5827	
  1564	0.15933	-117.858	33.583	
  1565	0.097581	-117.859	33.5835	
  1566	0.13603	-117.86	33.5838	
  1567	0.16868	-117.861	33.584	
  1568	0.14831	-117.862	33.5844	
  1569	0.055113	-117.863	33.5846	
  1570	0.055113	-117.864	33.5849	
  1571	0.060708	-117.864	33.5861	
  1572	0.085934	-117.865	33.5865	
  1573	0.12941	-117.866	33.5873	
  1574	0.1615	-117.866	33.588	
  1575	0.13994	-117.867	33.5885	
  1576	0.13441	-117.868	33.5894	
  1578	0.15897	-117.87	33.5905	
  1579	0.16139	-117.871	33.5908	
  1580	0.15897	-117.871	33.5915	
  1581	0.18112	-117.872	33.5921	
  1582	0.15162	-117.872	33.5931	
