1212	0.07	Historical	-117.596163	33.38875983
1213	0.07	Historical	-117.5966797	33.38950429
1214	0.07	Historical	-117.5971003	33.39022522
1215	0.07	Historical	-117.5975687	33.39115759
1216	0.07	Historical	-117.5978788	33.39195954
1217	0.07	Historical	-117.5981998	33.39285148
1218	0.07	Historical	-117.5985898	33.39377197
1219	0.07	Historical	-117.5988729	33.39457421
1220	0.07	Historical	-117.5991257	33.39540425
1221	0.07	Historical	-117.599215	33.39645295
1222	0.07	Historical	-117.6000583	33.39712415
1223	0.07	Historical	-117.6004629	33.39798019
1224	0.18	Historical	-117.6009787	33.39880485
1225	0.21	Historical	-117.6016137	33.39962642
1226	0.20	Historical	-117.6022736	33.40033566
1227	0.30	Historical	-117.602787	33.40105897
1228	0.24	Historical	-117.603282	33.40190369
1229	0.24	Historical	-117.604163	33.4024431
1230	0.24	Historical	-117.604773	33.40323816
1231	0.24	Historical	-117.6044842	33.40450419
1234	0.04	Historical	-117.6070841	33.40632967
1235	0.05	Historical	-117.6078368	33.4070066
1238	0.03	Historical	-117.6093858	33.40942985
1239	0.03	Historical	-117.6100999	33.41001858
1240	0.03	Historical	-117.6104448	33.41086895
1241	0.03	Historical	-117.6113542	33.41151401
1242	0.13	Historical	-117.6122751	33.41209836
1246	0.15	Historical	-117.6150453	33.41492444
1247	0.07	Historical	-117.6158723	33.4155072
1248	0.06	Historical	-117.6166001	33.41605257
1249	0.08	Historical	-117.6173044	33.41684346
1251	0.09	Historical	-117.6184749	33.41829431
1252	0.11	Historical	-117.6190299	33.41896833
1255	0.08	Historical	-117.6207015	33.42139215
1257	0.07	Historical	-117.6221914	33.4227951
1258	0.10	Historical	-117.6229615	33.42347732
1259	0.10	Historical	-117.6237885	33.42411438
1260	0.08	Historical	-117.6249319	33.42438978
1261	0.07	Historical	-117.6256852	33.42510365
1262	0.06	Historical	-117.6264408	33.42558242
1263	0.06	Historical	-117.6270784	33.42630215
1264	0.04	Historical	-117.6276814	33.4270564
1265	0.04	Historical	-117.628091	33.42783161
1266	0.08	Historical	-117.6283743	33.4288338
1267	0.08	Historical	-117.6293418	33.42938509
1268	0.06	Historical	-117.6300607	33.43007003
1355	0.23	Historical	-117.7076355	33.46079959
1356	0.17	Historical	-117.7088404	33.46108475
1357	0.09	Historical	-117.7099357	33.46086779
1358	0.17	Historical	-117.7110483	33.4606104
1359	0.25	Historical	-117.7121571	33.46059811
1360	0.28	Historical	-117.7130954	33.46037791
1361	0.28	Historical	-117.7139903	33.46059035
1362	0.25	Historical	-117.7148999	33.46079013
1363	0.24	Historical	-117.7153636	33.46136242
1364	0.24	Historical	-117.7148549	33.46208862
1365	0.23	Historical	-117.7139747	33.46280677
1366	0.23	Historical	-117.714071	33.46397691
1367	0.47	Historical	-117.7149496	33.46487003
1368	0.40	Historical	-117.7154374	33.46563089
1369	0.40	Historical	-117.7159668	33.46642394
1370	0.40	Historical	-117.7163867	33.46725836
1371	0.40	Historical	-117.7169726	33.46802077
1372	0.40	Historical	-117.7174573	33.46882833
1373	0.03	Historical	-117.7177059	33.46974189
1374	0.03	Historical	-117.7182287	33.47053281
1375	0.03	Historical	-117.7187194	33.47134261
1376	0.03	Historical	-117.7193263	33.47209783
1377	0.03	Historical	-117.7195309	33.47313657
1378	0.06	Historical	-117.7204983	33.47356769
1379	0.06	Historical	-117.7207733	33.47447136
1380	0.02	Historical	-117.7209353	33.47533215
1382	0.02	Historical	-117.7219677	33.47694845
1383	0.38	Historical	-117.7225526	33.4776842
1384	0.38	Historical	-117.7229552	33.4785935
1385	0.38	Historical	-117.7232703	33.47942884
1386	0.16	Historical	-117.7237367	33.48023884
1390	0.33	Historical	-117.7259497	33.48335342
1391	0.33	Historical	-117.7268456	33.48409221
1392	0.30	Historical	-117.727879	33.48437603
1393	0.32	Historical	-117.7289653	33.48434461
1394	0.28	Historical	-117.7300797	33.48461119
1395	0.28	Historical	-117.7310954	33.48473758
1396	0.25	Historical	-117.7320207	33.48519411
1397	0.21	Historical	-117.7340543	33.4850502
1398	0.21	Historical	-117.7330551	33.48664722
1399	0.21	Historical	-117.7333094	33.48750777
1400	0.19	Historical	-117.7338403	33.48844856
1401	0.14	Historical	-117.7347966	33.48914698
1402	0.13	Historical	-117.7358053	33.48951593
1403	0.11	Historical	-117.7367915	33.4898265
1404	0.12	Historical	-117.7379695	33.49007632
1405	0.12	Historical	-117.7383152	33.49105812
1406	0.13	Historical	-117.738142	33.49200322
1407	0.14	Historical	-117.7388188	33.49281819
1408	0.14	Historical	-117.7388143	33.49373029
1409	0.14	Historical	-117.7388014	33.49466842
1410	0.73	Historical	-117.7391639	33.49543992
1411	0.39	Historical	-117.7396045	33.49613758
1412	0.22	Historical	-117.7402393	33.49696583
1413	0.22	Historical	-117.7406574	33.49779467
1414	0.22	Historical	-117.741272	33.49858092
1415	0.10	Historical	-117.7423185	33.49894826
1416	0.10	Historical	-117.7434117	33.49936406
1417	0.10	Historical	-117.7439076	33.50020648
1419	0.10	Historical	-117.7454741	33.50141621
1420	0.13	Historical	-117.7461047	33.50218651
1421	0.16	Historical	-117.7470807	33.50267612
1422	0.20	Historical	-117.7469878	33.50393279
1423	0.20	Historical	-117.7472941	33.50476283
1424	0.20	Historical	-117.7480967	33.50543402
1425	0.20	Historical	-117.7488051	33.50617797
1426	0.20	Historical	-117.7491553	33.50698016
1427	0.20	Historical	-117.7506343	33.50727135
1428	0.20	Historical	-117.7509539	33.50814069
1433	0.15	Historical	-117.7541096	33.51185289
1434	0.15	Historical	-117.754856	33.51255152
1435	0.14	Historical	-117.7555989	33.51333409
1436	0.12	Historical	-117.7565894	33.51370814
1437	0.07	Historical	-117.7578517	33.5136823
1438	0.11	Historical	-117.7585024	33.51462235
1439	0.15	Historical	-117.759512	33.51477112
1440	0.13	Historical	-117.7599782	33.51533647
1441	0.13	Historical	-117.760302	33.51607488
1444	0.14	Historical	-117.761918	33.51854985
1446	0.07	Historical	-117.7632322	33.52002626
1447	0.04	Historical	-117.7643209	33.5204816
1448	0.00	Historical	-117.7647564	33.52128399
1449	0.09	Historical	-117.7652372	33.52208977
1450	0.09	Historical	-117.7657305	33.52289539
1451	0.09	Historical	-117.7659977	33.52383777
1452	0.09	Historical	-117.7669726	33.524344
1453	0.02	Historical	-117.7677765	33.52494222
1454	0.02	Historical	-117.7688105	33.52538786
1455	0.02	Historical	-117.7695449	33.52597306
1456	0.02	Historical	-117.7702301	33.52668669
1457	0.11	Historical	-117.7710262	33.52728281
1458	0.07	Historical	-117.7718185	33.52799216
1463	0.07	Historical	-117.7755215	33.53128075
1464	0.08	Historical	-117.7762545	33.53184413
1466	0.08	Historical	-117.777568	33.53327546
1467	0.08	Historical	-117.7781148	33.53410294
1469	0.08	Historical	-117.7790245	33.5357092
1470	0.06	Historical	-117.7796617	33.53649317
1474	0.06	Historical	-117.7819321	33.53951068
1481	0.07	Historical	-117.787991	33.54314237
1482	0.07	Historical	-117.7891439	33.54302536
1483	0.08	Historical	-117.7900769	33.5434832
1484	0.13	Historical	-117.7911815	33.54355224
1485	0.12	Historical	-117.7924753	33.54324726
1486	0.14	Historical	-117.7931595	33.54441681
1487	0.15	Historical	-117.7940231	33.54485688
1488	0.16	Historical	-117.7951615	33.54501262
1489	0.16	Historical	-117.796096	33.5455601
1490	0.16	Historical	-117.7971106	33.54562022
1492	0.20	Historical	-117.7993847	33.5454507
1493	0.07	Historical	-117.8002857	33.54606775
1496	0.05	Historical	-117.8032788	33.54705314
1497	0.06	Historical	-117.8043912	33.54688049
1498	0.06	Historical	-117.8054884	33.54738193
1499	0.06	Historical	-117.8055299	33.54849535
1500	0.07	Historical	-117.8069678	33.54867936
1507	0.08	Historical	-117.8123915	33.55287696
1508	0.09	Historical	-117.8139212	33.55105922
1511	0.11	Historical	-117.816212	33.55416549
1512	0.10	Historical	-117.8171509	33.55448098
1513	0.11	Historical	-117.8180843	33.55456851
1514	0.11	Historical	-117.8195639	33.55421741
1515	0.11	Historical	-117.8192636	33.5552584
1516	0.11	Historical	-117.8196671	33.55610387
1517	0.11	Historical	-117.8183442	33.55721371
1518	0.07	Historical	-117.8189599	33.55823782
1519	0.02	Historical	-117.8198135	33.55910112
1520	0.04	Historical	-117.8205426	33.55971889
1523	0.02	Historical	-117.823018	33.56151986
1524	0.02	Historical	-117.8238965	33.56222146
1525	0.15	Historical	-117.8246204	33.56283757
1526	0.15	Historical	-117.8255313	33.56345587
1527	0.09	Historical	-117.8264497	33.56394839
1528	0.08	Historical	-117.8274744	33.56428457
1529	0.10	Historical	-117.828376	33.56488584
1530	0.13	Historical	-117.8295756	33.56486664
1531	0.14	Historical	-117.8305332	33.56537886
1532	0.08	Historical	-117.8314143	33.56577307
1533	0.09	Historical	-117.8323782	33.56603101
1534	0.10	Historical	-117.8328622	33.56668174
1535	0.11	Historical	-117.8333709	33.56750764
1536	0.11	Historical	-117.8339272	33.56824348
1537	0.10	Historical	-117.8345705	33.56898756
1538	0.10	Historical	-117.835202	33.56968148
1539	0.20	Historical	-117.8359413	33.57044344
1540	0.29	Historical	-117.8368643	33.57086448
1541	0.16	Historical	-117.8374588	33.57164551
1542	0.07	Historical	-117.8382922	33.5722435
1543	0.05	Historical	-117.8389724	33.57292387
1548	0.29	Historical	-117.8429023	33.57596607
1549	0.06	Historical	-117.8438436	33.57641394
1550	0.05	Historical	-117.8447676	33.57690471
1551	0.07	Historical	-117.8456997	33.57739783
1552	0.05	Historical	-117.8467475	33.57787767
1553	0.04	Historical	-117.8477122	33.57819467
1554	0.06	Historical	-117.8486737	33.57857057
1555	0.09	Historical	-117.8496694	33.57900422
1556	0.16	Historical	-117.8506954	33.57929493
1557	0.16	Historical	-117.8516998	33.57983543
1558	0.17	Historical	-117.8526917	33.58003049
1559	0.18	Historical	-117.8534772	33.58034228
1560	0.16	Historical	-117.8541999	33.58098215
1561	0.10	Historical	-117.8551264	33.58150077
1562	0.07	Historical	-117.8559351	33.5821543
1563	0.19	Historical	-117.856818	33.58274397
1564	0.16	Historical	-117.8577826	33.58304778
1565	0.10	Historical	-117.8588361	33.58345637
1566	0.14	Historical	-117.8598388	33.58382948
1567	0.17	Historical	-117.8608686	33.58397573
1568	0.15	Historical	-117.8618668	33.58435046
1569	0.06	Historical	-117.862955	33.5845899
1570	0.06	Historical	-117.8640267	33.58488933
1571	0.06	Historical	-117.8640588	33.58612103
1572	0.09	Historical	-117.8650856	33.58649433
1573	0.13	Historical	-117.8656739	33.58729349
1574	0.16	Historical	-117.8663323	33.58800283
1575	0.14	Historical	-117.8672895	33.58848872
1576	0.13	Historical	-117.8677729	33.58937256
1578	0.16	Historical	-117.8695277	33.59051653
1579	0.16	Historical	-117.8705087	33.59081448
1580	0.16	Historical	-117.8710378	33.59152706
1581	0.18	Historical	-117.8718952	33.59211931
1582	0.15	Historical	-117.8724734	33.59307293
1745	0.07	Historical	-118.0182535	33.66835965
1746	0.05	Historical	-118.0191219	33.66889555
1747	0.06	Historical	-118.0199725	33.6695487
1748	0.12	Historical	-118.020731	33.67008812
1749	0.16	Historical	-118.0215509	33.67066786
1750	0.16	Historical	-118.0223764	33.67132816
1751	0.23	Historical	-118.0230536	33.67201649
1752	0.23	Historical	-118.0237937	33.67256367
1753	0.27	Historical	-118.0247512	33.67313937
1754	0.21	Historical	-118.0254702	33.67371985
1755	0.16	Historical	-118.0262772	33.67441612
1756	0.20	Historical	-118.0270388	33.67496423
1757	0.21	Historical	-118.0276525	33.67571471
1758	0.21	Historical	-118.0283457	33.67641668
1759	0.21	Historical	-118.0291461	33.67711661
1760	0.21	Historical	-118.0298754	33.67768883
1761	0.21	Historical	-118.0307313	33.67834727
1762	0.21	Historical	-118.0313912	33.67897318
